1024
0
5
0
4
50
0.0 5.11658945470117e-05 0.00011567044566618279 0.0001333907275693491 2.9495935440063477 2.8244261741638184 2.9584696292877197
0.048828125 5.11658945470117e-05 0.00011567044566618279 0.0001333907275693491 4.433902740478516 4.165918827056885 4.42241096496582
0.09765625 5.11658945470117e-05 0.00011567044566618279 0.0001333907275693491 5.87131929397583 5.465699195861816 5.868747711181641
0.146484375 5.11658945470117e-05 0.00011567044566618279 0.0001333907275693491 5.881974697113037 5.525623321533203 6.0091328620910645
0.1953125 5.11658945470117e-05 0.00011567044566618279 0.0001333907275693491 5.872462749481201 5.54082727432251 6.1066179275512695
0.244140625 5.11658945470117e-05 0.00011567044566618279 0.0001333907275693491 5.825937747955322 5.580809593200684 6.170455455780029
0.29296875 5.37080159119796e-05 0.00011283913045190275 0.0001315876143053174 5.866183757781982 5.707217693328857 6.205568790435791
0.341796875 5.757815233664587e-05 0.00011354403977748007 0.0001341537426924333 5.993046283721924 5.916024208068848 6.302204132080078
0.390625 7.372208347078413e-05 0.0001316238776780665 0.00015951725072227418 6.292081356048584 6.310497760772705 6.548547744750977
0.439453125 0.00010676831152522936 0.0001675370440352708 0.00020837837655562907 6.4762797355651855 6.706278324127197 6.825079441070557
0.48828125 0.00014572415966540575 0.0001908105768961832 0.00024279518402181566 6.461202144622803 6.815238952636719 6.83365535736084
0.537109375 0.00018515653209760785 0.00018813490169122815 0.00024107639910653234 6.29375696182251 6.691988945007324 6.668723106384277
0.5859375 0.00022689576144330204 0.0001573930203448981 0.00020183810556773096 6.033154010772705 6.364767074584961 6.394450664520264
0.634765625 0.00028340754215605557 0.00011647563223959878 0.00014703730994369835 5.7077178955078125 5.971219539642334 6.127606391906738
0.68359375 0.0004536656488198787 9.745440911501646e-05 0.00012131440598750487 5.552750110626221 5.821739673614502 6.121610641479492
0.732421875 0.0010870150290429592 0.0001152166078099981 0.00014026476128492504 5.553940773010254 6.011723041534424 6.42724609375
0.78125 0.004047534894198179 0.00018536359129939228 0.00021813606144860387 5.585318565368652 6.2955546379089355 6.707959175109863
0.830078125 0.03963650017976761 0.00033351502497680485 0.0003713328915182501 5.620637893676758 6.620020866394043 6.961958408355713
0.87890625 1.8396612405776978 0.0006363617139868438 0.0006536934524774551 5.637615203857422 6.978973388671875 7.256417274475098
0.927734375 134.82962036132812 0.0010522110387682915 0.0009872160153463483 5.634206771850586 7.333442211151123 7.544610023498535
0.9765625 596.9520874023438 0.0015202350914478302 0.0013944600941613317 5.619649887084961 7.507509708404541 7.549716472625732
1.025390625 88.80707550048828 0.0017795811872929335 0.001716797356493771 5.585456848144531 7.527839660644531 7.469113826751709
1.07421875 4.66372013092041 0.001206322223879397 0.001228672219440341 5.559136390686035 7.323831558227539 7.242499828338623
1.123046875 0.2747703492641449 0.0004708396445494145 0.0005051791667938232 5.549361705780029 6.990662097930908 6.919820308685303
1.171875 0.023013034835457802 0.0001803600025596097 0.00020164817397017032 5.567844867706299 6.618307590484619 6.633915901184082
1.220703125 0.003542940365150571 9.559692989569157e-05 0.0001084913601516746 5.633533477783203 6.370918273925781 6.474205493927002
1.26953125 0.0009817498503252864 6.490686791948974e-05 7.489520794479176e-05 5.694933891296387 6.115860939025879 6.249477863311768
1.318359375 0.00039423166890628636 5.8629215345717967e-05 6.827653123764321e-05 5.725768566131592 5.899651050567627 6.012943744659424
1.3671875 0.0002328066184418276 7.135901978472248e-05 8.251619146903977e-05 5.820983409881592 5.848653316497803 5.994140148162842
1.416015625 0.00017590633069630712 9.74849026533775e-05 0.00011310972331557423 5.981923580169678 6.0234599113464355 6.2017645835876465
1.46484375 0.00013534606841858476 0.00011636921408353373 0.00013314168609213084 6.0934672355651855 6.12451171875 6.386199474334717
1.513671875 9.726412827149034e-05 0.00011351044668117538 0.00012924690963700414 6.124128341674805 6.134391784667969 6.411022186279297
1.5625 6.545103678945452e-05 9.272604074794799e-05 0.00010693502554204315 6.084353446960449 5.97796630859375 6.246592998504639
1.611328125 4.191024345345795e-05 6.65917614242062e-05 7.826422370271757e-05 5.8977837562561035 5.634428977966309 5.840088844299316
1.66015625 3.085093339905143e-05 5.289724140311591e-05 6.284230767050758e-05 5.662042140960693 5.303865432739258 5.456779479980469
1.708984375 2.7460129786049947e-05 4.9346883315593004e-05 5.983077426208183e-05 5.5302042961120605 5.14656925201416 5.276423454284668
1.7578125 2.59813605225645e-05 4.8931608034763485e-05 5.9460242482600734e-05 5.501457214355469 5.069236755371094 5.1844916343688965
1.806640625 2.429527921776753e-05 5.1201805035816506e-05 6.277154898270965e-05 5.530671119689941 5.033169746398926 5.1263604164123535
1.85546875 3.624590317485854e-05 0.00012061944289598614 0.00013243079592939466 5.573026180267334 5.032094955444336 5.23878812789917
1.904296875 7.912913133623078e-05 0.0009025133331306279 0.0008494358044117689 5.621017932891846 4.988855838775635 5.474106788635254
1.953125 0.00017189221398439258 0.00931649561971426 0.007436280604451895 5.610261917114258 4.916258335113525 5.724914073944092
2.001953125 0.00020554491493385285 0.0120546231046319 0.008551566861569881 5.547182083129883 4.843032360076904 5.756587982177734
2.05078125 0.00014786467363592237 0.0021413294598460197 0.0014433482429012656 5.455409049987793 4.812137603759766 5.618728160858154
2.099609375 5.7925124565372244e-05 0.000262070243479684 0.0002088981564156711 5.3543243408203125 4.778209209442139 5.298788547515869
2.1484375 2.3695205527474172e-05 6.664281681878492e-05 6.411767390090972e-05 5.231438636779785 4.769541263580322 5.017333507537842
2.197265625 1.5175026419456117e-05 3.561874837032519e-05 3.9715185266686603e-05 5.183084487915039 4.7920613288879395 4.872279167175293
2.24609375 1.5841009371797554e-05 3.58964352926705e-05 4.194306529825553e-05 5.231400489807129 4.8192620277404785 4.929558753967285
2.294921875 1.6451811461593024e-05 3.6677982279798016e-05 4.459540286916308e-05 5.377267837524414 4.900933742523193 5.041110515594482
2.34375 1.7815333194448613e-05 4.037929465994239e-05 4.925383473164402e-05 5.6407060623168945 5.080086708068848 5.204586982727051
2.392578125 1.891815736598801e-05 4.4651500502368435e-05 5.436580249806866e-05 5.881773471832275 5.244207859039307 5.350434303283691
2.44140625 1.9848212104989216e-05 4.944700049236417e-05 5.695517756976187e-05 5.900393962860107 5.246603488922119 5.390203475952148
2.490234375 2.0660449081333354e-05 5.4143787565408275e-05 5.6830311223166063e-05 5.778263092041016 5.157449245452881 5.307623863220215
2.5390625 1.9341576262377203e-05 5.16816035087686e-05 5.131052967044525e-05 5.56989860534668 4.9736433029174805 5.137271404266357
2.587890625 1.6178193618543446e-05 4.293439633329399e-05 4.189266837784089e-05 5.321224212646484 4.776211738586426 4.9449639320373535
2.63671875 1.305159275943879e-05 3.435668259044178e-05 3.403775917831808e-05 5.250915050506592 4.727688789367676 4.875298023223877
2.685546875 1.0959533028653823e-05 2.8009644665871747e-05 2.8997361368965358e-05 5.363653659820557 4.83308744430542 4.890052795410156
2.734375 1.0113753887708299e-05 2.521760507079307e-05 2.7168658562004566e-05 5.47821569442749 4.900745868682861 4.940104961395264
2.783203125 1.1825934052467346e-05 2.9086708309478126e-05 3.1586339900968596e-05 5.584519386291504 4.895096778869629 4.922055721282959
2.83203125 3.0634131690021604e-05 5.773495649918914e-05 6.509699596790597e-05 5.665000915527344 4.8412885665893555 4.815877437591553
2.880859375 0.0004939064965583384 0.0003728665760718286 0.000407364743296057 5.624689102172852 4.73478364944458 4.6179046630859375
2.9296875 0.017525775358080864 0.003984768409281969 0.00401067640632391 5.569385051727295 4.651386737823486 4.4162116050720215
2.978515625 0.0370284840464592 0.007999815978109837 0.008678151294589043 5.51346492767334 4.644156455993652 4.260079860687256
3.02734375 0.0036592588294297457 0.0023741598706692457 0.0031241620890796185 5.4637980461120605 4.700962543487549 4.270824432373047
3.076171875 0.00029988776077516377 0.00045394417247734964 0.0006471452652476728 5.41625452041626 4.7185959815979 4.382508754730225
3.125 5.554300514631905e-05 0.00010865538934012875 0.00014796698815189302 5.396637439727783 4.815099716186523 4.54314661026001
3.173828125 2.0636078261304647e-05 4.269066630513407e-05 5.302342106006108e-05 5.382370471954346 4.9446187019348145 4.717410564422607
3.22265625 1.498951041867258e-05 3.158946128678508e-05 3.600537820602767e-05 5.364014148712158 5.023106575012207 4.793354511260986
3.271484375 1.459577015339164e-05 3.133511563646607e-05 3.366120290593244e-05 5.309308052062988 4.967008590698242 4.760416507720947
3.3203125 1.472914755140664e-05 3.22030064126011e-05 3.339523391332477e-05 5.288122653961182 4.8808159828186035 4.703155994415283
3.369140625 1.4220301636669319e-05 3.178013867000118e-05 3.268202272010967e-05 5.304752349853516 4.756993293762207 4.68881893157959
3.41796875 1.353807692794362e-05 3.0474278901237994e-05 3.0895982490619645e-05 5.386229515075684 4.7228684425354 4.694758892059326
3.466796875 1.2487201274780091e-05 2.912927811848931e-05 2.8718031899188645e-05 5.500406265258789 4.757301330566406 4.77435302734375
3.515625 1.143532517744461e-05 2.7479130949359387e-05 2.7409523681853898e-05 5.601208209991455 4.832106590270996 4.824903964996338
3.564453125 1.1144436030008364e-05 2.705967017391231e-05 2.7957688871538267e-05 5.661835193634033 4.875382900238037 4.815840244293213
3.61328125 1.1086381164204795e-05 2.669660170795396e-05 2.8671278414549306e-05 5.6696343421936035 4.842423439025879 4.7231035232543945
3.662109375 1.0638239473337308e-05 2.5632196411606856e-05 2.8209140509716235e-05 5.602879047393799 4.79557991027832 4.675872802734375
3.7109375 1.0202555131400004e-05 2.4302002202603035e-05 2.6702786271926016e-05 5.5328569412231445 4.781322956085205 4.672866344451904
3.759765625 1.0120596016349737e-05 2.4416203814325854e-05 2.5340366846648976e-05 5.531764984130859 4.796981334686279 4.714868545532227
3.80859375 1.1220436135772616e-05 2.667152148205787e-05 2.6464500479050912e-05 5.547969341278076 4.814065456390381 4.766688346862793
3.857421875 2.2064699805923738e-05 4.447150058695115e-05 4.662749051931314e-05 5.537306785583496 4.969692230224609 4.848496437072754
3.90625 0.00010573268809821457 0.0001265130704268813 0.00019619530939962715 5.477809429168701 5.1678385734558105 4.932148456573486
3.955078125 0.0005873955669812858 0.0003621006617322564 0.000986083410680294 5.352370262145996 5.302334308624268 4.977954387664795
4.00390625 0.0006717900396324694 0.00040553149301558733 0.0011070531327277422 5.260984420776367 5.269379615783691 4.99909782409668
4.052734375 0.00016564613906666636 0.0001912344596348703 0.000292792305117473 5.2265400886535645 5.165707588195801 4.990405559539795
4.1015625 3.506060238578357e-05 6.677788041997701e-05 7.192007615230978e-05 5.276543617248535 4.986883163452148 4.9566755294799805
4.150390625 1.285652797378134e-05 2.8792193916160613e-05 3.012689012393821e-05 5.401663303375244 4.891130447387695 4.896058082580566
4.19921875 8.395075383305084e-06 1.8892957086791284e-05 2.0818320990656503e-05 5.5389084815979 4.915675163269043 4.927322864532471
4.248046875 8.132881703204475e-06 1.7958560420083813e-05 1.9803042960120365e-05 5.601266860961914 4.995472431182861 4.959699630737305
4.296875 8.209400220948737e-06 1.7673906768322922e-05 1.9019793398911133e-05 5.6566691398620605 5.055649280548096 4.963320732116699
4.345703125 8.377396625292022e-06 1.7614453099668026e-05 1.835701368690934e-05 5.670881271362305 5.073212623596191 4.952602863311768
4.39453125 8.493304449075367e-06 1.7707334336591884e-05 1.8312826796318404e-05 5.607038974761963 4.986339569091797 4.914012432098389
4.443359375 9.166196832666174e-06 1.977662213903386e-05 2.004756242968142e-05 5.540434837341309 4.896716594696045 4.805284023284912
4.4921875 1.026572772389045e-05 2.2930978957447223e-05 2.29921661230037e-05 5.45182991027832 4.793700695037842 4.701869010925293
4.541015625 1.1031219401047565e-05 2.520132875361014e-05 2.597993443487212e-05 5.381886005401611 4.673258304595947 4.656315326690674
4.58984375 1.1597705452004448e-05 2.701030643947888e-05 2.8901846235385165e-05 5.37069034576416 4.631089210510254 4.6730499267578125
4.638671875 1.1732750863302499e-05 2.7014695660909638e-05 2.8962138458155096e-05 5.425051212310791 4.7431793212890625 4.793135643005371
4.6875 1.0930800272035412e-05 2.423230034764856e-05 2.6823970983969048e-05 5.443150997161865 4.812419414520264 4.9200615882873535
4.736328125 1.0992252100550104e-05 2.3081121980794705e-05 2.6323023121221922e-05 5.529764652252197 5.036666393280029 5.125352382659912
4.78515625 1.4576776266039815e-05 2.617948666738812e-05 2.9615657695103437e-05 5.554471969604492 5.349824905395508 5.349375247955322
4.833984375 5.872334077139385e-05 5.598395364359021e-05 6.299220694927499e-05 5.365936756134033 5.546534538269043 5.539493083953857
4.8828125 0.0025270807091146708 0.0005257920129224658 0.0006046787020750344 5.014057159423828 5.492921829223633 5.617761135101318
4.931640625 0.31117212772369385 0.009477668441832066 0.011199699714779854 4.619141101837158 5.33006477355957 5.594855308532715
4.98046875 0.8364726901054382 0.01899840123951435 0.021780885756015778 4.210299491882324 4.97017240524292 5.321982383728027
5.029296875 0.03102402575314045 0.0031904601491987705 0.003454285440966487 4.055694580078125 4.762074947357178 5.022391319274902
5.078125 0.0008792870212346315 0.0003803181170951575 0.0003882181190419942 4.164794445037842 4.692661285400391 4.849119186401367
5.126953125 8.238999726017937e-05 7.177366933319718e-05 7.228614413179457e-05 4.4461846351623535 4.752582550048828 4.760103225708008
5.17578125 1.9028859242098406e-05 2.4494609533576295e-05 2.5179369913530536e-05 4.798799514770508 4.840129852294922 4.710819721221924
5.224609375 9.771219083631877e-06 1.607489502930548e-05 1.7160256902570836e-05 5.083553314208984 4.916816711425781 4.7501139640808105
5.2734375 8.066911505011376e-06 1.4816003385931253e-05 1.5945028280839324e-05 5.2200775146484375 4.905505180358887 4.7690887451171875
5.322265625 7.536912107752869e-06 1.4494568858935963e-05 1.5912341041257605e-05 5.297734260559082 4.900640487670898 4.724973678588867
5.37109375 7.524352440668736e-06 1.482682546338765e-05 1.620171133254189e-05 5.345829963684082 4.851223468780518 4.723756313323975
5.419921875 7.702758011873811e-06 1.511592654424021e-05 1.6094374586828053e-05 5.338324069976807 4.771050453186035 4.753563404083252
5.46875 7.94722745922627e-06 1.5016459656180814e-05 1.5985642676241696e-05 5.266936779022217 4.67760705947876 4.78528356552124
5.517578125 8.040577995416243e-06 1.4694724995933939e-05 1.5933948816382326e-05 5.13932991027832 4.559305667877197 4.7879638671875
5.56640625 7.92886294220807e-06 1.4656809980806429e-05 1.5802739653736353e-05 5.078970909118652 4.491944789886475 4.734638690948486
5.615234375 7.807660040271003e-06 1.4765530977456365e-05 1.5575413272017613e-05 5.049131870269775 4.452729225158691 4.644268989562988
5.6640625 7.741632543911692e-06 1.4890189049765468e-05 1.5391286069643684e-05 5.081849575042725 4.419351100921631 4.5682244300842285
5.712890625 7.635018846485764e-06 1.5096455172169954e-05 1.5413525034091435e-05 5.190059185028076 4.4376044273376465 4.5169501304626465
5.76171875 7.640016519872006e-06 1.530991357867606e-05 1.565768070577178e-05 5.267385005950928 4.499753475189209 4.509027481079102
5.810546875 8.38898449728731e-06 1.6067555407062173e-05 1.6757338016759604e-05 5.256208896636963 4.526051044464111 4.507421970367432
5.859375 1.6098403648356907e-05 1.923988929775078e-05 2.0160665371804498e-05 5.268694877624512 4.650508880615234 4.585536956787109
5.908203125 8.710975816939026e-05 2.6372665161034092e-05 2.6710762540460564e-05 5.254958629608154 4.902843475341797 4.768280982971191
5.95703125 0.0006103731575421989 3.340906187077053e-05 3.338075475767255e-05 5.183689117431641 5.137226581573486 4.946601867675781
6.005859375 0.0007196660153567791 3.6877016100334004e-05 3.672581442515366e-05 5.12233829498291 5.166730880737305 4.968550205230713
6.0546875 0.00014661582827102393 3.610066050896421e-05 3.563091377145611e-05 5.098317623138428 5.045633792877197 4.858560085296631
6.103515625 2.903619679273106e-05 2.86590657196939e-05 2.8534761440823786e-05 5.071665287017822 4.800662517547607 4.647640228271484
6.15234375 1.1738728971977253e-05 2.132255758624524e-05 2.1307954739313573e-05 5.0685529708862305 4.553378582000732 4.439785957336426
6.201171875 8.317593710671645e-06 1.751509444147814e-05 1.7056754586519673e-05 5.085781574249268 4.460464000701904 4.384993076324463
6.25 7.760312655591406e-06 1.5114001143956557e-05 1.4743240171810612e-05 5.078739643096924 4.513632297515869 4.428050518035889
6.298828125 7.374992947006831e-06 1.3179466805013362e-05 1.3145692719263025e-05 4.996044158935547 4.541050910949707 4.449637413024902
6.34765625 7.393778560071951e-06 1.2846425306634046e-05 1.290029103984125e-05 4.967055797576904 4.569587707519531 4.410499572753906
6.396484375 7.489076779165771e-06 1.2887804587080609e-05 1.2844267075706739e-05 4.9786505699157715 4.606017112731934 4.339043140411377
6.4453125 7.75021362642292e-06 1.3412628504738677e-05 1.3433040294330567e-05 5.0042805671691895 4.6026997566223145 4.288088321685791
6.494140625 8.075676305452362e-06 1.4251092579797842e-05 1.392332706018351e-05 5.043385982513428 4.573478698730469 4.267685890197754
6.54296875 8.332858669746201e-06 1.4877426110615488e-05 1.4240315977076534e-05 5.079463005065918 4.537693977355957 4.281722545623779
6.591796875 8.34071215649601e-06 1.5043837265693583e-05 1.4355873645399697e-05 5.035041809082031 4.44663667678833 4.341529846191406
6.640625 8.101830644591246e-06 1.4711805306433234e-05 1.3935929928265978e-05 5.009143352508545 4.402494430541992 4.467635631561279
6.689453125 7.737774467386771e-06 1.4214993825589772e-05 1.3133400898368564e-05 4.9933905601501465 4.393309116363525 4.547637939453125
6.73828125 7.810069291736e-06 1.4418284990824759e-05 1.371883354295278e-05 5.152803421020508 4.607810020446777 4.778005123138428
6.787109375 9.532442163617816e-06 1.691637226031162e-05 1.698650339676533e-05 5.457098960876465 4.986871242523193 5.120525360107422
6.8359375 3.194515738869086e-05 4.12055233027786e-05 4.629082468454726e-05 5.666969299316406 5.363246440887451 5.434823513031006
6.884765625 0.0009575749863870442 0.000504529511090368 0.0007016485906206071 5.616626262664795 5.5216546058654785 5.544515132904053
6.93359375 0.07466234266757965 0.012323920615017414 0.021576039493083954 5.367272853851318 5.455460548400879 5.465403079986572
6.982421875 0.16660712659358978 0.023044101893901825 0.04002474248409271 4.999990463256836 5.098249912261963 5.139245986938477
7.03125 0.007709353696554899 0.002608276903629303 0.0037763346917927265 4.766753196716309 4.804116249084473 4.789987087249756
7.080078125 0.00030619202880188823 0.00023223234165925533 0.00029325252398848534 4.778702259063721 4.717229843139648 4.594779014587402
7.12890625 3.94287308154162e-05 4.42220589320641e-05 5.369528298615478e-05 4.897923946380615 4.734395980834961 4.562178134918213
7.177734375 1.2157815945101902e-05 1.6789179426268674e-05 2.0053526895935647e-05 5.0049824714660645 4.7587666511535645 4.555521488189697
7.2265625 7.933225788292475e-06 1.2445727406884544e-05 1.4353067854244728e-05 5.047346115112305 4.780824184417725 4.567008972167969
7.275390625 7.426770935126115e-06 1.2227562365296762e-05 1.3126005796948448e-05 5.059621334075928 4.716087341308594 4.560418605804443
7.32421875 7.359955361607717e-06 1.2629525372176431e-05 1.2826933016185649e-05 5.0673394203186035 4.616279602050781 4.506155967712402
7.373046875 7.422515409416519e-06 1.2887026059615891e-05 1.2601047274074517e-05 5.084941387176514 4.519251346588135 4.441154479980469
7.421875 7.54839857108891e-06 1.3053456314082723e-05 1.2309907106100582e-05 5.063317775726318 4.387823581695557 4.449474811553955
7.470703125 7.64898049965268e-06 1.3127447346050758e-05 1.2357697414699942e-05 5.03806734085083 4.309866905212402 4.463297367095947
7.51953125 7.570368325104937e-06 1.2957086255482864e-05 1.2479004908527713e-05 5.037288665771484 4.355052471160889 4.493680000305176
7.568359375 7.5567077146843076e-06 1.2597810382430907e-05 1.2531082575151231e-05 4.979533672332764 4.421736717224121 4.521081924438477
7.6171875 7.6153860391059425e-06 1.2590992810146417e-05 1.2973286175110843e-05 4.913334369659424 4.493984222412109 4.534393787384033
7.666015625 7.67672827350907e-06 1.2815769878216088e-05 1.381915444653714e-05 4.858715534210205 4.56165075302124 4.547966480255127
7.71484375 7.650526640645694e-06 1.2722257451969199e-05 1.4018077308719512e-05 4.795840740203857 4.551571369171143 4.5934834480285645
7.763671875 7.746641131234355e-06 1.2786296792910434e-05 1.3989126273372676e-05 4.755617141723633 4.496148586273193 4.623525619506836
7.8125 8.348646588274278e-06 1.4228313375497237e-05 1.5279116269084625e-05 4.794660568237305 4.485889434814453 4.618854999542236
7.861328125 1.4538016330334358e-05 2.631368988659233e-05 2.8871589165646583e-05 4.890848636627197 4.539743900299072 4.701799392700195
7.91015625 6.493010732810944e-05 0.00014281967014539987 0.0001721472799545154 4.963284015655518 4.568528175354004 4.802899360656738
7.958984375 0.00036630150862038136 0.0010579138761386275 0.0014548778999596834 4.982694625854492 4.546818733215332 4.851985931396484
8.0078125 0.0004156747891101986 0.0012294386979192495 0.0016558467177674174 4.974343776702881 4.488370418548584 4.802964687347412
8.056640625 9.834614320425317e-05 0.0002242287591798231 0.00025410184753127396 4.885560989379883 4.39190673828125 4.68560266494751
8.10546875 2.381646481808275e-05 4.457890463527292e-05 4.580813038046472e-05 4.830193519592285 4.336158752441406 4.518181324005127
8.154296875 1.130863165599294e-05 1.9645256543299183e-05 2.0539240722428076e-05 4.873642921447754 4.362331867218018 4.441126823425293
8.203125 8.928823262976948e-06 1.5083299331308808e-05 1.6434676581411622e-05 4.94363260269165 4.458271503448486 4.4921979904174805
8.251953125 8.724845429242123e-06 1.4630682926508598e-05 1.579391027917154e-05 4.973785400390625 4.5367937088012695 4.602778911590576
8.30078125 8.59034298628103e-06 1.461875217501074e-05 1.524990420875838e-05 4.990572929382324 4.564111232757568 4.660417079925537
8.349609375 8.79267190612154e-06 1.531020097900182e-05 1.5510648154304363e-05 4.930241107940674 4.522262096405029 4.652627468109131
8.3984375 8.742144018469844e-06 1.529806831968017e-05 1.5237000297929626e-05 4.870461463928223 4.466846942901611 4.591670513153076
8.447265625 8.60456839291146e-06 1.4773070688534062e-05 1.4381462278834078e-05 4.867559909820557 4.429769515991211 4.534157752990723
8.49609375 8.4517687355401e-06 1.3962840057502035e-05 1.3677113201993052e-05 4.897238254547119 4.434081077575684 4.500014781951904
8.544921875 8.264195457741152e-06 1.3315901924215723e-05 1.3475746527547017e-05 4.8984174728393555 4.442060947418213 4.478219985961914
8.59375 7.990896847331896e-06 1.2921994311909657e-05 1.3445257536659483e-05 4.886050224304199 4.470191955566406 4.437582015991211
8.642578125 7.669306796742603e-06 1.2712273928627837e-05 1.3407578080659732e-05 4.855330944061279 4.5151848793029785 4.402400970458984
8.69140625 7.5495504461287055e-06 1.2790578693966381e-05 1.32475088321371e-05 4.848972797393799 4.555770397186279 4.372534275054932
8.740234375 7.654685759916902e-06 1.3371838576858863e-05 1.3253560609882697e-05 4.876832485198975 4.589455604553223 4.378711700439453
8.7890625 8.516219168086536e-06 1.5299614460673183e-05 1.4551318599842489e-05 4.909240245819092 4.609073162078857 4.4108405113220215
8.837890625 1.4948635907785501e-05 2.3961696570040658e-05 2.11598180612782e-05 4.92356538772583 4.610609531402588 4.487354755401611
8.88671875 8.172877278411761e-05 7.660284609301016e-05 5.569799759541638e-05 4.891136169433594 4.603167533874512 4.566911697387695
8.935546875 0.0007252248469740152 0.0003224815591238439 0.0001816815056372434 4.886979103088379 4.651554107666016 4.6641974449157715
8.984375 0.0009963319171220064 0.00043529237154871225 0.0002318696497241035 4.993758201599121 4.787715435028076 4.820663928985596
9.033203125 0.0001905232493299991 0.00016985859838314354 0.00010870156984310597 5.164539337158203 4.925018310546875 4.978532791137695
9.08203125 3.829729030258022e-05 5.7851968449540436e-05 4.404823630466126e-05 5.274277210235596 4.941139221191406 5.011685848236084
9.130859375 1.5117469956749119e-05 2.6528501621214673e-05 2.229989695479162e-05 5.321317672729492 4.8770246505737305 4.9190568923950195
9.1796875 9.234635399479885e-06 1.6263555153273046e-05 1.4743644896952901e-05 5.218547344207764 4.734524726867676 4.744743347167969
9.228515625 7.621115855727112e-06 1.3069862689008005e-05 1.277485989703564e-05 5.048084259033203 4.592629909515381 4.586059093475342
9.27734375 7.117013410606887e-06 1.1813955097750295e-05 1.2252424312464427e-05 4.919071674346924 4.506720542907715 4.482419013977051
9.326171875 7.15533542461344e-06 1.1547832400538027e-05 1.2317004802753218e-05 4.821194171905518 4.478421211242676 4.466572284698486
9.375 7.3551645982661285e-06 1.1678308510454372e-05 1.2232973858772311e-05 4.735754489898682 4.469121932983398 4.516739845275879
9.423828125 7.622011253261007e-06 1.2046730262227356e-05 1.1796612852776889e-05 4.69266939163208 4.474551200866699 4.585162162780762
9.47265625 7.839804311515763e-06 1.2657330444199033e-05 1.1441956303315237e-05 4.729524612426758 4.507193088531494 4.655240535736084
9.521484375 7.837248631403781e-06 1.3193279301049188e-05 1.144277302955743e-05 4.831248760223389 4.566699981689453 4.765620708465576
9.5703125 8.223049007938243e-06 1.4200657460605726e-05 1.2226568287587725e-05 4.916963577270508 4.6147780418396 4.871105194091797
9.619140625 9.509622032055631e-06 1.5737548892502673e-05 1.3457737622957211e-05 4.989264011383057 4.643112659454346 4.945427894592285
9.66796875 1.0731988368206657e-05 1.6797273929114453e-05 1.4708106391481124e-05 5.0234808921813965 4.6426682472229 4.957880973815918
9.716796875 1.1214462574571371e-05 1.6873929780558683e-05 1.5351592082879506e-05 5.011507511138916 4.666977882385254 4.933126449584961
9.765625 1.0998288416885771e-05 1.619553950149566e-05 1.5083631296874955e-05 4.996036529541016 4.6645097732543945 4.880993843078613
9.814453125 1.056016390066361e-05 1.564446574775502e-05 1.5293500837287866e-05 5.006196022033691 4.687236309051514 4.8021392822265625
9.86328125 1.529831934021786e-05 2.372431117692031e-05 2.43373287958093e-05 5.026545524597168 4.790011405944824 4.811980724334717
9.912109375 5.446575960377231e-05 9.115463763009757e-05 9.489460353506729e-05 5.015402793884277 4.907649993896484 4.894842147827148
9.9609375 0.0002454892673995346 0.0004561429959721863 0.00048129563219845295 4.977680683135986 4.95261812210083 4.887455463409424
10.009765625 0.00027064260211773217 0.0005196967395022511 0.0005323491059243679 4.978238105773926 4.995818614959717 4.886204719543457
10.05859375 7.303918391698971e-05 0.0001312423264607787 0.0001223392755491659 4.979394435882568 4.953423023223877 4.853458881378174
10.107421875 1.9816247004200704e-05 3.354881482664496e-05 3.102263872278854e-05 5.011385917663574 4.876067638397217 4.738832950592041
10.15625 9.800024599826429e-06 1.6068401237134822e-05 1.592777516634669e-05 5.096177101135254 4.834007263183594 4.628146171569824
10.205078125 7.65178629080765e-06 1.2426939065335318e-05 1.3029314686718863e-05 5.168867588043213 4.830522537231445 4.599620819091797
10.25390625 7.244655989779858e-06 1.2131147741456516e-05 1.2888596756965853e-05 5.164452075958252 4.791885852813721 4.54142951965332
10.302734375 7.08925699655083e-06 1.2023381714243442e-05 1.2923427675559651e-05 5.138810157775879 4.740059852600098 4.493438243865967
10.3515625 7.32110811441089e-06 1.2197860996820964e-05 1.2715247066807933e-05 5.089230537414551 4.672475337982178 4.477552890777588
10.400390625 7.410561465803767e-06 1.1872092727571726e-05 1.2347484698693734e-05 5.0578837394714355 4.62257194519043 4.491857051849365
10.44921875 7.4151762419205625e-06 1.1572354196687229e-05 1.2100006642867811e-05 5.037588596343994 4.595278263092041 4.492428779602051
10.498046875 7.374677352345316e-06 1.147068542195484e-05 1.1922265912289731e-05 5.00254487991333 4.574350833892822 4.487181663513184
10.546875 7.340941010625102e-06 1.1481522051326465e-05 1.2026866897940636e-05 4.953509330749512 4.557219982147217 4.545239448547363
10.595703125 7.162849669839488e-06 1.1180787623743527e-05 1.1976463611063082e-05 4.896881580352783 4.580129146575928 4.567568778991699
10.64453125 7.01320095686242e-06 1.1014977644663304e-05 1.1548986549314577e-05 4.888330936431885 4.648980617523193 4.56915807723999
10.693359375 7.020604698482202e-06 1.0936753824353218e-05 1.1447674296505284e-05 4.960277557373047 4.74843692779541 4.601690292358398
10.7421875 7.3387086558796e-06 1.1361898941686377e-05 1.1976595487794839e-05 5.160512924194336 4.97046422958374 4.756102085113525
10.791015625 8.825489203445613e-06 1.3819381820212584e-05 1.424793208570918e-05 5.394224166870117 5.215246677398682 4.980049133300781
10.83984375 2.0691732061095536e-05 3.231273149140179e-05 3.411041325307451e-05 5.690317153930664 5.448485374450684 5.300186634063721
10.888671875 0.0002521993010304868 0.00041807317757047713 0.00048355443868786097 6.080393314361572 5.718959331512451 5.602258205413818
10.9375 0.00608111172914505 0.011216558516025543 0.014179072342813015 6.457751274108887 5.925641059875488 5.7828288078308105
10.986328125 0.009067121893167496 0.01626722514629364 0.02081637643277645 6.429813861846924 5.7933454513549805 5.639671802520752
11.03515625 0.000750881212297827 0.0011734431609511375 0.0014206529594957829 6.1399030685424805 5.5340142250061035 5.370267391204834
11.083984375 7.16488721081987e-05 0.00010594174091238528 0.00011634871043497697 5.710168361663818 5.171349048614502 5.093855381011963
11.1328125 1.9128927306155674e-05 2.822590249706991e-05 2.9065542548778467e-05 5.283008575439453 4.843968868255615 4.8473219871521
11.181640625 9.850132300925907e-06 1.4913978702679742e-05 1.4751951312064193e-05 4.9853315353393555 4.621555805206299 4.672298431396484
11.23046875 7.902451216068584e-06 1.2409295777615625e-05 1.2085494745406322e-05 4.989618301391602 4.59627628326416 4.618096828460693
11.279296875 7.314656158996513e-06 1.1619232282100711e-05 1.1253117918386124e-05 5.049947261810303 4.620639801025391 4.582892417907715
11.328125 7.050476142467232e-06 1.1022320904885419e-05 1.0799411029438488e-05 5.072680473327637 4.657694339752197 4.558365821838379
11.376953125 6.986570042499807e-06 1.0757682503026444e-05 1.0491527973499615e-05 5.130405902862549 4.709140300750732 4.557081699371338
11.42578125 7.1329332058667205e-06 1.0530547115195077e-05 1.0595889762043953e-05 5.209924697875977 4.776666641235352 4.596012115478516
11.474609375 7.3953619903477374e-06 1.0442043276270851e-05 1.0925904462055769e-05 5.160608291625977 4.773707389831543 4.592614650726318
11.5234375 7.553007890237495e-06 1.059843816619832e-05 1.1226252354390454e-05 5.102920055389404 4.752673149108887 4.557154178619385
11.572265625 7.946468031150289e-06 1.1637784155027475e-05 1.2385665286274161e-05 5.073949813842773 4.73372745513916 4.514867782592773
11.62109375 8.929391697165556e-06 1.4087030649534427e-05 1.4224533515516669e-05 5.012284755706787 4.624475002288818 4.4929986000061035
11.669921875 1.0154756637348328e-05 1.7335007214569487e-05 1.6335317923221737e-05 5.065525054931641 4.632327079772949 4.569648265838623
11.71875 1.1376104339433368e-05 2.0197199773974717e-05 1.843313657445833e-05 5.1781535148620605 4.729094982147217 4.7354536056518555
11.767578125 1.1659974006761331e-05 2.066750494122971e-05 1.902637268358376e-05 5.219808578491211 4.80875825881958 4.857104778289795
11.81640625 1.1596979675232433e-05 1.897592665045522e-05 1.788865847629495e-05 5.192983627319336 4.888829231262207 4.927157402038574
11.865234375 1.5922949387459084e-05 1.8122189430869184e-05 1.7753063730197027e-05 5.1915059089660645 5.042762756347656 5.052082061767578
11.9140625 4.5366614358499646e-05 1.994974081753753e-05 1.922352566907648e-05 5.088580131530762 5.144738674163818 5.195483684539795
11.962890625 0.00015610131958965212 2.2330252249957994e-05 2.0887395294266753e-05 5.045096397399902 5.231259346008301 5.340570449829102
12.01171875 0.00016989570576697588 2.340172795811668e-05 2.1605921574519016e-05 5.052260875701904 5.244673728942871 5.366731643676758
12.060546875 5.3614043281413615e-05 2.0756195226567797e-05 1.95498487300938e-05 5.056974411010742 5.173369884490967 5.250778675079346
12.109375 1.72863310581306e-05 1.6146854250109755e-05 1.561678436701186e-05 5.025912284851074 4.969687461853027 5.015735149383545
12.158203125 9.492378012510017e-06 1.276796047022799e-05 1.26643926705583e-05 5.053186893463135 4.784183502197266 4.783214569091797
12.20703125 7.849494068068452e-06 1.1296234333713073e-05 1.1528095456014853e-05 5.053634166717529 4.719546318054199 4.669809818267822
12.255859375 7.592793735966552e-06 1.0794478839670774e-05 1.1124900083814282e-05 5.012556076049805 4.738166809082031 4.705554485321045
12.3046875 7.575814834126504e-06 1.0782941899378784e-05 1.094280833058292e-05 4.967916965484619 4.740643501281738 4.741449356079102
12.353515625 7.604758138768375e-06 1.0761356861621607e-05 1.0923900845227763e-05 4.934018611907959 4.7606329917907715 4.792995929718018
12.40234375 7.528343758167466e-06 1.0570755875960458e-05 1.0583030416455586e-05 4.895990371704102 4.773201942443848 4.905778884887695
12.451171875 7.4502268034848385e-06 1.049483398674056e-05 1.0168825610890053e-05 4.897062301635742 4.785015106201172 5.007221698760986
12.5 7.3129053816956e-06 1.0259586815664079e-05 9.926499842549674e-06 4.924833297729492 4.79823112487793 4.969028472900391
12.548828125 6.997179752943339e-06 9.94473975879373e-06 9.451600817556027e-06 4.971746921539307 4.843331336975098 4.872091293334961
12.59765625 6.704544830427039e-06 9.65642902883701e-06 8.991262802737765e-06 4.99033260345459 4.846366882324219 4.748614311218262
12.646484375 6.561732334375847e-06 9.350559594167862e-06 8.915128091757651e-06 4.981598854064941 4.818178176879883 4.6456780433654785
12.6953125 6.543027211591834e-06 9.243380191037431e-06 9.105301614908967e-06 4.9539594650268555 4.801779270172119 4.625473499298096
12.744140625 6.7381888584350236e-06 9.698494977783412e-06 9.76282262854511e-06 4.94303035736084 4.828850269317627 4.691699028015137
12.79296875 7.622672455909196e-06 1.0927848052233458e-05 1.143282679549884e-05 4.96050500869751 4.860410690307617 4.755145072937012
12.841796875 1.2633283404284157e-05 1.8302414900972508e-05 2.032183328992687e-05 5.120233535766602 5.0125346183776855 4.971289157867432
12.890625 5.0171227485407144e-05 7.4690644396469e-05 9.23577172216028e-05 5.4176859855651855 5.246584415435791 5.326265811920166
12.939453125 0.00028165613184683025 0.00042129665962420404 0.0006355210207402706 5.6570515632629395 5.429472923278809 5.709751129150391
12.98828125 0.000391603127354756 0.0005544283776544034 0.0008041443070396781 5.691163063049316 5.417146682739258 5.850174427032471
13.037109375 0.00012511898239608854 0.0001645839656703174 0.00017974369984585792 5.563277244567871 5.298593521118164 5.694742679595947
13.0859375 3.57323806383647e-05 4.542942042462528e-05 4.095649637747556e-05 5.331336975097656 5.097333908081055 5.232790946960449
13.134765625 1.5218976841424592e-05 2.0078379748156294e-05 1.7861770174931735e-05 5.108227252960205 4.867685794830322 4.801630973815918
13.18359375 9.823519576457329e-06 1.3938087249698583e-05 1.2277202586119529e-05 5.023030757904053 4.71626091003418 4.559622764587402
13.232421875 8.577186235925183e-06 1.2752969269058667e-05 1.149596573668532e-05 5.034188747406006 4.659621238708496 4.5350260734558105
13.28125 8.094229087873828e-06 1.2147967936471105e-05 1.1424645890656393e-05 5.043478012084961 4.639942169189453 4.5901408195495605
13.330078125 7.725211617071182e-06 1.1483854905236512e-05 1.1115620509372093e-05 5.04677677154541 4.662315368652344 4.638250350952148
13.37890625 7.287048902071547e-06 1.0621643014019355e-05 1.0558587746345438e-05 5.055450916290283 4.711394309997559 4.6510186195373535
13.427734375 6.89742410031613e-06 9.937535651260987e-06 9.8938353403355e-06 5.104152679443359 4.756415843963623 4.664597034454346
13.4765625 6.9132092903601006e-06 9.935561138263438e-06 9.519786544842646e-06 5.115121841430664 4.764858245849609 4.653838634490967
13.525390625 6.864612714707619e-06 9.841171049629338e-06 9.217586921295151e-06 5.130861759185791 4.729345798492432 4.6190996170043945
13.57421875 6.926840342202922e-06 9.732213584356941e-06 9.136435437540058e-06 5.137386322021484 4.672373294830322 4.603626251220703
13.623046875 7.11456777935382e-06 9.803899047255982e-06 9.317242074757814e-06 5.127177715301514 4.630038738250732 4.617382526397705
13.671875 7.3220644480898045e-06 1.0006886441260576e-05 1.0002042472478934e-05 5.0682525634765625 4.601023197174072 4.653295993804932
13.720703125 7.445729352184571e-06 1.033622265822487e-05 1.105826140701538e-05 5.0010528564453125 4.585948944091797 4.74530029296875
13.76953125 7.544379968749126e-06 1.0665337867976632e-05 1.1654982699838001e-05 4.887754440307617 4.583276271820068 4.7991533279418945
13.818359375 7.968564204929862e-06 1.1437686225690413e-05 1.2334354323684238e-05 4.789299964904785 4.609527587890625 4.763030052185059
13.8671875 1.004532714432571e-05 1.4510491382679902e-05 1.4990086128818803e-05 4.790862560272217 4.654456615447998 4.764742374420166
13.916015625 1.4449061382038053e-05 2.1182504497119226e-05 2.067136301775463e-05 4.806961536407471 4.60680627822876 4.765968322753906
13.96484375 1.9036235244129784e-05 2.8258586098672822e-05 2.6113601052202284e-05 4.854878902435303 4.556769847869873 4.782249450683594
14.013671875 2.0115494407946244e-05 3.0160119422362186e-05 2.8050882974639535e-05 4.913726329803467 4.557490348815918 4.75950288772583
14.0625 1.6683427020325325e-05 2.4963446776382625e-05 2.4064573153737e-05 4.9401044845581055 4.572914123535156 4.713967323303223
14.111328125 1.1420356713642832e-05 1.7141896023531444e-05 1.7051399481715634e-05 4.940681457519531 4.625753879547119 4.588993072509766
14.16015625 7.982092938618734e-06 1.1878155419253744e-05 1.2125048669986427e-05 4.984772205352783 4.7186503410339355 4.510260581970215
14.208984375 6.756583843525732e-06 9.972095540433656e-06 1.0372215001552831e-05 4.996967315673828 4.751702308654785 4.486017227172852
14.2578125 6.518697318824707e-06 9.586696251062676e-06 9.869781024463009e-06 4.97280740737915 4.748233795166016 4.534806251525879
14.306640625 6.518883310491219e-06 9.610861525288783e-06 9.687969395599794e-06 4.953585147857666 4.730400562286377 4.571322441101074
14.35546875 6.6883912950288504e-06 9.877174306893721e-06 9.657012014940847e-06 4.9420881271362305 4.743616104125977 4.594420433044434
14.404296875 6.827398010500474e-06 1.0121430022991262e-05 9.37429467740003e-06 4.982357025146484 4.793467998504639 4.63844108581543
14.453125 7.010552508290857e-06 1.048402009473648e-05 9.140650035988074e-06 5.01167631149292 4.824623107910156 4.655330181121826
14.501953125 7.1605459197598975e-06 1.075179079634836e-05 8.984256965050008e-06 5.033856391906738 4.795882701873779 4.663032531738281
14.55078125 7.261921837198315e-06 1.0871242920984514e-05 8.847765457176138e-06 5.03377628326416 4.768082141876221 4.632355690002441
14.599609375 7.180125521699665e-06 1.063405943568796e-05 8.828338650346268e-06 4.977341175079346 4.692091464996338 4.573205947875977
14.6484375 7.099523372744443e-06 1.046744546329137e-05 8.999983947433066e-06 4.9344282150268555 4.669743061065674 4.487563133239746
14.697265625 7.041417120490223e-06 1.0324631148250774e-05 9.114663043874316e-06 4.9517107009887695 4.679922103881836 4.465747833251953
14.74609375 7.0937730924924836e-06 1.0507286788197234e-05 9.312731890531722e-06 4.967304229736328 4.702077388763428 4.458061695098877
14.794921875 7.411326350847958e-06 1.1363982594048139e-05 1.0326218216505367e-05 4.955905437469482 4.721607685089111 4.520758152008057
14.84375 8.928048373491038e-06 1.4563258446287364e-05 1.407979380019242e-05 5.009769916534424 4.805347442626953 4.701912879943848
14.892578125 1.2562795745907351e-05 2.0856847186223604e-05 2.638619116623886e-05 5.091418266296387 4.9682297706604 4.953653335571289
14.94140625 1.7830399883678183e-05 2.901822153944522e-05 5.2761566621484235e-05 5.14162015914917 5.102414131164551 5.122508525848389
14.990234375 2.1143167032278143e-05 3.32971139869187e-05 6.0499212850118056e-05 5.165910243988037 5.170858860015869 5.203588962554932
15.0390625 1.9837820218526758e-05 3.0313964089145884e-05 3.877412382280454e-05 5.17509651184082 5.118577480316162 5.177065849304199
15.087890625 1.4669464690086897e-05 2.1737840143032372e-05 2.1754744011559524e-05 5.112731456756592 4.936742305755615 5.011381149291992
15.13671875 1.0132994248124305e-05 1.5120724128792062e-05 1.4222549907572102e-05 5.039307594299316 4.76979398727417 4.839514255523682
15.185546875 8.29054170026211e-06 1.2230220818310045e-05 1.1662406905088574e-05 5.050963401794434 4.759927272796631 4.747718811035156
15.234375 7.816100151103456e-06 1.124728805734776e-05 1.1136962712043896e-05 5.07297420501709 4.775837421417236 4.703197479248047
15.283203125 7.634382200194523e-06 1.0643602763593663e-05 1.0975597433571238e-05 5.057085990905762 4.803046703338623 4.656336784362793
15.33203125 7.540487786172889e-06 1.0439818652230315e-05 1.1074689609813504e-05 4.994637489318848 4.785252094268799 4.638422966003418
15.380859375 7.415290383505635e-06 1.0276056855218485e-05 1.0790889064082876e-05 4.971551895141602 4.731096267700195 4.641653537750244
15.4296875 7.132862720027333e-06 1.0039825610874686e-05 1.0135452612303197e-05 4.988957405090332 4.723169326782227 4.651774883270264
15.478515625 7.158887456171215e-06 1.0236857633572072e-05 9.652157132222783e-06 5.0304856300354 4.796788692474365 4.657866477966309
15.52734375 7.114114850992337e-06 1.0432302588014863e-05 9.312660949944984e-06 5.094430923461914 4.863519668579102 4.661084175109863
15.576171875 6.946444045752287e-06 1.0369345545768738e-05 9.282189239456784e-06 5.134800910949707 4.889347076416016 4.67624044418335
15.625 7.249716873047873e-06 1.102468104363652e-05 1.0328916687285528e-05 5.197262763977051 4.947070598602295 4.784775733947754
15.673828125 8.68122424435569e-06 1.3269198461784981e-05 1.3075905371806584e-05 5.472860336303711 5.254605293273926 5.139874458312988
15.72265625 1.1088559404015541e-05 1.6884956494322978e-05 1.761290513968561e-05 5.88803768157959 5.7425713539123535 5.668436050415039
15.771484375 1.3209339158493094e-05 2.0108604076085612e-05 2.162903911084868e-05 6.136919975280762 6.064037322998047 6.013134956359863
15.8203125 1.458494079997763e-05 2.23164042836288e-05 2.385462175880093e-05 6.144832134246826 6.104990482330322 6.019048690795898
15.869140625 1.868718936748337e-05 3.113671482424252e-05 3.0491280995192938e-05 5.888673305511475 5.8624677658081055 5.7540106773376465
15.91796875 3.5818364267470315e-05 8.39749991428107e-05 6.231442239368334e-05 5.464378833770752 5.468959808349609 5.355934143066406
15.966796875 7.854106661397964e-05 0.00029907378484494984 0.00015360527322627604 5.196437835693359 5.239755153656006 5.090984344482422
16.015625 8.367615373572335e-05 0.00032884004758670926 0.00016013099229894578 5.151098251342773 5.248764991760254 5.070318222045898
16.064453125 3.8163052522577345e-05 9.533164120512083e-05 6.172689609229565e-05 5.142561435699463 5.233725070953369 5.043095111846924
16.11328125 1.6314239474013448e-05 2.8905971703352407e-05 2.3201455405796878e-05 5.117173671722412 5.087101936340332 4.91086483001709
16.162109375 9.995631444326136e-06 1.583469747856725e-05 1.3961153854324948e-05 5.152838230133057 4.986881256103516 4.852726936340332
16.2109375 8.458016054646578e-06 1.282063931284938e-05 1.186723147839075e-05 5.236034870147705 5.024008750915527 4.901238441467285
16.259765625 8.091953532129992e-06 1.2029983736283612e-05 1.1895735042344313e-05 5.28525447845459 5.1055378913879395 4.93535852432251
16.30859375 8.032275218283758e-06 1.1989554877800401e-05 1.2347172742011026e-05 5.2665696144104 5.115319728851318 4.926570415496826
16.357421875 8.090345545497257e-06 1.1814331628556829e-05 1.2244906429259572e-05 5.208911418914795 5.102148056030273 4.8728108406066895
16.40625 7.834899406589102e-06 1.1099400580860674e-05 1.1235340025450569e-05 5.103440284729004 5.014362335205078 4.762474060058594
16.455078125 7.689551239309367e-06 1.0618809938023333e-05 1.0626530638546683e-05 5.00934362411499 4.913956165313721 4.73463249206543
16.50390625 7.668388207093813e-06 1.0276609827997163e-05 1.0522640877752565e-05 4.956541538238525 4.840303897857666 4.781981468200684
16.552734375 7.66982884670142e-06 1.0129234397027176e-05 1.0383085282228421e-05 4.946139812469482 4.838710308074951 4.8299760818481445
16.6015625 7.43067766961758e-06 9.999440408137161e-06 1.0049552656710148e-05 4.935798168182373 4.820280075073242 4.852276802062988
16.650390625 7.357321464951383e-06 1.0120552360604052e-05 9.605977538740262e-06 4.97840690612793 4.841310977935791 4.894934177398682
16.69921875 7.37083200874622e-06 1.0233598004560918e-05 9.402961950399913e-06 5.117781639099121 4.917818546295166 4.9860920906066895
16.748046875 7.704636118432973e-06 1.0974705219268799e-05 9.996673725254368e-06 5.2808613777160645 4.984953880310059 5.138461589813232
16.796875 8.221387361118104e-06 1.1950010048167314e-05 1.1623608770605642e-05 5.344052314758301 4.971285343170166 5.252546310424805
16.845703125 1.112873633246636e-05 1.655118649068754e-05 1.7609077985980548e-05 5.380726337432861 5.005013465881348 5.297619342803955
16.89453125 2.2654103304375894e-05 3.946086508221924e-05 5.154158134246245e-05 5.450464248657227 5.0982136726379395 5.323661804199219
16.943359375 5.244875137577765e-05 0.00011430329323047772 0.00018601621559355408 5.50156831741333 5.180837631225586 5.284954071044922
16.9921875 6.293828482739627e-05 0.00013379541633185 0.0002127985208062455 5.523506164550781 5.226834774017334 5.170055389404297
17.041015625 3.9192080294014886e-05 6.563778879353777e-05 7.932633889140561e-05 5.484794616699219 5.189794540405273 5.0464653968811035
17.08984375 2.020884676312562e-05 2.8916954761371017e-05 2.8907716114190407e-05 5.292344093322754 4.966783046722412 4.921922206878662
17.138671875 1.1248399459873326e-05 1.53271703311475e-05 1.4637897947977763e-05 5.079415321350098 4.752269744873047 4.765379905700684
17.1875 7.811509931343608e-06 1.0609952369122766e-05 1.0187085536017548e-05 4.955217361450195 4.668086528778076 4.691416263580322
17.236328125 7.019132226560032e-06 9.590306945028715e-06 9.057361239683814e-06 4.9339470863342285 4.657541751861572 4.648168087005615
17.28515625 6.779947852919577e-06 9.238205166184343e-06 8.718745448277332e-06 4.97147798538208 4.680901050567627 4.563211441040039
17.333984375 6.772411325073335e-06 9.016788681037724e-06 8.743564649194013e-06 5.0489583015441895 4.724249362945557 4.487874507904053
17.3828125 7.0011142270232085e-06 9.1280435299268e-06 8.89947114046663e-06 5.062010765075684 4.719725131988525 4.482612609863281
17.431640625 7.251221632031957e-06 9.412723557034042e-06 9.123694326262921e-06 5.066633224487305 4.683809280395508 4.477077960968018
17.48046875 7.470499895134708e-06 9.628754014556762e-06 9.62698868534062e-06 5.053590297698975 4.6683454513549805 4.503657817840576
17.529296875 7.414402716676705e-06 9.554551070323214e-06 1.002452518150676e-05 5.033560752868652 4.665380001068115 4.51358699798584
17.578125 7.188257768575568e-06 9.628415682527702e-06 1.0241264135402162e-05 5.017623424530029 4.697608947753906 4.524399280548096
17.626953125 7.1441722866438795e-06 9.76498813543003e-06 1.0559433576418087e-05 5.026693820953369 4.722695827484131 4.582883834838867
17.67578125 7.527988600486424e-06 1.0610465324134566e-05 1.1643624930002261e-05 5.109217166900635 4.826367378234863 4.746259689331055
17.724609375 8.236268513428513e-06 1.2037699889333453e-05 1.3091807886667084e-05 5.237796783447266 4.967098712921143 4.962730407714844
17.7734375 8.921943845052738e-06 1.3372323337534908e-05 1.40478759931284e-05 5.302494525909424 5.026185989379883 5.143144607543945
17.822265625 9.883553502731957e-06 1.4506987099593971e-05 1.4903567716828547e-05 5.308350563049316 5.021028518676758 5.258661270141602
17.87109375 1.199515099870041e-05 1.6753787349443883e-05 1.642729876039084e-05 5.282398223876953 5.024415016174316 5.365528106689453
17.919921875 1.558021904202178e-05 1.985621202038601e-05 1.7554446458234452e-05 5.144160270690918 5.020045280456543 5.476005554199219
17.96875 1.919654823723249e-05 2.3475251509808004e-05 1.9100405552308075e-05 5.030114650726318 5.035703659057617 5.50654411315918
18.017578125 2.1251040379866026e-05 2.660472091520205e-05 2.1215952074271627e-05 5.01353645324707 5.150848388671875 5.521093368530273
18.06640625 1.8630276827025227e-05 2.5337416445836425e-05 2.079447040159721e-05 5.0000762939453125 5.174616813659668 5.431278705596924
18.115234375 1.346421140624443e-05 1.9914068616344593e-05 1.7172300431411713e-05 4.96873664855957 5.01793098449707 5.233212471008301
18.1640625 9.875125215330627e-06 1.5549696399830282e-05 1.4100059161137324e-05 4.975820541381836 4.840271472930908 5.035967826843262
18.212890625 8.415349839197006e-06 1.318304111919133e-05 1.2312380931689404e-05 4.949438095092773 4.745333194732666 4.95469856262207
18.26171875 7.762639143038541e-06 1.1702927622536663e-05 1.1179437933606096e-05 4.880664348602295 4.691641807556152 4.877557754516602
18.310546875 7.526137324020965e-06 1.1097914466517977e-05 1.073881230695406e-05 4.832187652587891 4.722817897796631 4.790721893310547
18.359375 7.605834980495274e-06 1.1025431376765482e-05 1.0744426617748104e-05 4.787815570831299 4.768254280090332 4.753763198852539
18.408203125 7.4786244113056455e-06 1.0468215805303771e-05 1.0360196029068902e-05 4.766626834869385 4.753164291381836 4.742518901824951
18.45703125 7.338007890211884e-06 1.0071401447930839e-05 9.874691386357881e-06 4.811855316162109 4.743785381317139 4.709197044372559
18.505859375 7.374191227427218e-06 9.915149348671548e-06 9.515825695416424e-06 4.898324489593506 4.792798042297363 4.685482978820801
18.5546875 7.260797701746924e-06 9.591981324774679e-06 9.343303645437118e-06 4.956157684326172 4.844240188598633 4.71311092376709
18.603515625 6.988426775933476e-06 9.275618140236475e-06 9.28244389797328e-06 5.005258560180664 4.883512020111084 4.720642566680908
18.65234375 6.872040557936998e-06 9.25702988752164e-06 9.309430424764287e-06 5.047138214111328 4.919419288635254 4.752112865447998
18.701171875 6.955625394766685e-06 9.578910066920798e-06 9.610113011149224e-06 5.061155319213867 4.948409557342529 4.818066120147705
18.75 7.393713531200774e-06 1.0655014193616807e-05 1.0709364687500056e-05 5.061944007873535 4.940816402435303 4.843005657196045
18.798828125 8.49806110636564e-06 1.2942057765030768e-05 1.2802282071788795e-05 5.076562404632568 4.932051658630371 4.821684837341309
18.84765625 1.1248139344388619e-05 2.0019077055621892e-05 2.188170765293762e-05 5.111231327056885 4.968599319458008 4.923301696777344
18.896484375 1.7306367226410657e-05 4.8552072257734835e-05 7.443048525601625e-05 5.187349319458008 5.00750207901001 5.092576503753662
18.9453125 2.6087094738613814e-05 0.00013043398212175816 0.0003127954842057079 5.345114231109619 5.056802749633789 5.247184753417969
18.994140625 3.0867297027725726e-05 0.00015020457794889808 0.0003662363742478192 5.45742654800415 5.093193531036377 5.298738479614258
19.04296875 2.8111406209063716e-05 7.378094596788287e-05 0.00012009838246740401 5.462852478027344 5.069590091705322 5.2008514404296875
19.091796875 1.9147881175740622e-05 3.159646803396754e-05 3.714627746376209e-05 5.366741180419922 4.974151134490967 4.926848888397217
19.140625 1.1987343896180391e-05 1.712558514554985e-05 1.767903086147271e-05 5.176112174987793 4.852137565612793 4.687261581420898
19.189453125 8.59373903949745e-06 1.2022153896396048e-05 1.1804269888671115e-05 5.00667142868042 4.78958797454834 4.561312675476074
19.23828125 7.693165571254212e-06 1.0631747500156052e-05 1.0170545465371106e-05 4.948422431945801 4.813841342926025 4.519628524780273
19.287109375 7.366277259279741e-06 1.011112271953607e-05 9.551698894938454e-06 4.962435245513916 4.882345199584961 4.538252353668213
19.3359375 7.358953098446364e-06 1.0052377547253855e-05 9.290967682318296e-06 4.985738754272461 4.925198078155518 4.576314449310303
19.384765625 7.373616426775698e-06 1.0068139999930281e-05 9.311075700679794e-06 5.073700428009033 4.9810380935668945 4.615275859832764
19.43359375 7.4789859354496e-06 9.975457942346111e-06 9.36201377044199e-06 5.118906497955322 4.948441982269287 4.6308674812316895
19.482421875 7.503991128032794e-06 9.887417036225088e-06 9.619920092518441e-06 5.1334967613220215 4.8802385330200195 4.6363115310668945
19.53125 7.5896518865192775e-06 1.0042713256552815e-05 9.956396752386354e-06 5.14162015914917 4.842670917510986 4.601032257080078
19.580078125 7.56000235924148e-06 1.0267767720506527e-05 1.0535577530390583e-05 5.1339826583862305 4.817780494689941 4.566254138946533
19.62890625 7.469926003977889e-06 1.0335360457247589e-05 1.090756541088922e-05 5.082647323608398 4.7972869873046875 4.537744522094727
19.677734375 7.430375717376592e-06 1.0442215170769487e-05 1.1093747161794454e-05 5.0473527908325195 4.795541286468506 4.537875175476074
19.7265625 7.478755833290052e-06 1.0343863323214464e-05 1.0892366844927892e-05 4.989325523376465 4.768721580505371 4.547461986541748
19.775390625 7.515435299865203e-06 1.0119329999724869e-05 1.0571219718258362e-05 4.952511310577393 4.731569290161133 4.541938781738281
19.82421875 8.10503388493089e-06 1.0778431715152692e-05 1.0804463272506837e-05 4.96983528137207 4.759741306304932 4.542725086212158
19.873046875 1.034791876008967e-05 1.3708383448829409e-05 1.3239714462542906e-05 5.023467540740967 4.788905143737793 4.599782466888428
19.921875 1.4483877748716623e-05 1.9211940525565296e-05 1.823503953346517e-05 5.041921138763428 4.7481231689453125 4.711545944213867
19.970703125 1.8392582205706276e-05 2.426744504191447e-05 2.302141729160212e-05 5.01201868057251 4.662117958068848 4.821671962738037
20.01953125 1.924796015373431e-05 2.572359881014563e-05 2.4687957193236798e-05 4.90902853012085 4.608266353607178 4.845738410949707
20.068359375 1.6286321624647826e-05 2.2058449758333154e-05 2.1684989405912347e-05 4.8046746253967285 4.561059951782227 4.764650821685791
20.1171875 1.1699741662596352e-05 1.609909304534085e-05 1.611915104149375e-05 4.752009868621826 4.596789360046387 4.645505428314209
20.166015625 8.616612831247039e-06 1.1911523870367091e-05 1.2247568520251662e-05 4.775654315948486 4.693183422088623 4.5576019287109375
20.21484375 7.423990609822795e-06 1.0293074410583358e-05 1.1029717825294938e-05 4.8637166023254395 4.7706732749938965 4.550054550170898
20.263671875 7.061128144414397e-06 9.748297998157796e-06 1.0595843377814163e-05 4.9394426345825195 4.800088882446289 4.6124982833862305
20.3125 7.4354111347929575e-06 1.0262211617373396e-05 1.1006466593244113e-05 4.967857360839844 4.862102031707764 4.661581993103027
20.361328125 8.198662726499606e-06 1.132221041189041e-05 1.1586683285713661e-05 4.97847318649292 4.908360481262207 4.674195766448975
20.41015625 8.820548828225583e-06 1.2019065252388828e-05 1.1575302778510377e-05 4.989701747894287 4.9511399269104 4.717640399932861
20.458984375 9.08974925550865e-06 1.2162047823949251e-05 1.1231059943384025e-05 4.989288806915283 4.972302436828613 4.739297389984131
20.5078125 8.841831913741771e-06 1.1696401998051442e-05 1.0672260032151826e-05 5.000126361846924 4.954367637634277 4.750988483428955
20.556640625 7.866707164794207e-06 1.0332511919841636e-05 9.807344213186298e-06 4.991596221923828 4.91126823425293 4.761317729949951
20.60546875 7.171033757913392e-06 9.34003219299484e-06 9.523633707431145e-06 4.958710193634033 4.8721160888671875 4.737832546234131
20.654296875 6.902204404468648e-06 9.006192158267368e-06 9.550733921059873e-06 4.925358772277832 4.842706680297852 4.679666996002197
20.703125 6.972883511480177e-06 9.215583304467145e-06 9.702595889393706e-06 4.933804512023926 4.84367036819458 4.630735397338867
20.751953125 7.5264679253450595e-06 1.0154790288652293e-05 1.037360470945714e-05 4.96575403213501 4.8595075607299805 4.584596157073975
20.80078125 8.597344276495278e-06 1.2248994607944041e-05 1.214023450302193e-05 5.015115261077881 4.870182991027832 4.587432861328125
20.849609375 1.1162842383782845e-05 1.837185482145287e-05 1.9117022020509467e-05 5.100642681121826 4.917988300323486 4.688127517700195
20.8984375 1.6197353033930995e-05 3.6120920412940904e-05 5.201245585340075e-05 5.2061920166015625 5.024786949157715 4.9111785888671875
20.947265625 2.2551288566319272e-05 7.074568566167727e-05 0.00015859822451602668 5.226029396057129 5.097515106201172 5.136548042297363
20.99609375 2.5787196136661805e-05 8.107677422231063e-05 0.00017386100080329925 5.19366455078125 5.099249839782715 5.250328540802002
21.044921875 2.3609482013853267e-05 5.202319516683929e-05 6.944095366634429e-05 5.109248638153076 5.032948970794678 5.238564491271973
21.09375 1.6938489352469333e-05 2.7357449653209187e-05 2.7259104172117077e-05 5.0163774490356445 4.902771472930908 5.081423759460449
21.142578125 1.1430115591792855e-05 1.6689509720890783e-05 1.5589048416586593e-05 4.976644992828369 4.819039344787598 4.854268550872803
21.19140625 8.420452104473952e-06 1.2064745533280075e-05 1.1803324014181271e-05 4.977166175842285 4.792335033416748 4.729063034057617
21.240234375 7.205389010778163e-06 9.866812433756422e-06 1.050485298037529e-05 4.968102931976318 4.778835296630859 4.696770668029785
21.2890625 6.70459621687769e-06 8.971560419013258e-06 9.951085303328e-06 4.964118480682373 4.777641773223877 4.709658145904541
21.337890625 6.660470717179123e-06 9.028181011672132e-06 9.804576620808803e-06 4.954049587249756 4.756617069244385 4.7529497146606445
21.38671875 6.7947480602015276e-06 9.233084711013362e-06 9.672260603110772e-06 4.930438041687012 4.69488000869751 4.753368377685547
21.435546875 7.029096650512656e-06 9.587663953425363e-06 9.491585842624772e-06 4.948745250701904 4.711987495422363 4.688462734222412
21.484375 7.142925369407749e-06 9.91560682450654e-06 9.272624083678238e-06 4.922644138336182 4.763948440551758 4.659879684448242
21.533203125 7.188281415437814e-06 1.006827278615674e-05 9.145819603872951e-06 4.895994186401367 4.779064178466797 4.664830684661865
21.58203125 7.198422736109933e-06 1.0046397619589698e-05 9.462378329772037e-06 4.889825820922852 4.830101013183594 4.7460551261901855
21.630859375 7.029744665487669e-06 9.848294212133624e-06 9.88454030448338e-06 4.921649932861328 4.857337474822998 4.84062385559082
21.6796875 7.037915565888397e-06 9.85395035968395e-06 1.0143201507162303e-05 4.96194314956665 4.87756872177124 4.8621649742126465
21.728515625 7.212069249362685e-06 9.961120667867362e-06 1.0329880751669407e-05 5.068105220794678 4.947214603424072 4.804708957672119
21.77734375 7.457346782757668e-06 1.0121807463292498e-05 1.0457738426339347e-05 5.150141716003418 4.981338977813721 4.7482781410217285
21.826171875 8.257700756075792e-06 1.1166212971147615e-05 1.1276320947217755e-05 5.169059753417969 4.967761516571045 4.67185640335083
21.875 1.0619042768666986e-05 1.4494393326458521e-05 1.4375194950844161e-05 5.190164566040039 5.009707450866699 4.646844863891602
21.923828125 1.4245601960283238e-05 1.971301571757067e-05 1.966359923244454e-05 5.155999660491943 5.020203590393066 4.645589351654053
21.97265625 1.733603494358249e-05 2.4849849069141783e-05 2.4759865482337773e-05 5.074270725250244 5.006372451782227 4.630669593811035
22.021484375 1.8444372472004034e-05 2.8250457035028376e-05 2.6881167286774144e-05 5.007349491119385 5.037036418914795 4.684999942779541
22.0703125 1.5981080650817603e-05 2.59996231761761e-05 2.3917275029816665e-05 4.975429534912109 5.032857894897461 4.753151893615723
22.119140625 1.177489866677206e-05 1.9609526134445332e-05 1.7510248653707094e-05 4.947492599487305 4.981257438659668 4.805659294128418
22.16796875 8.889802302292082e-06 1.4560156159859616e-05 1.2883786439488176e-05 4.9844279289245605 4.931685447692871 4.830296993255615
22.216796875 7.6052924669056665e-06 1.1781648936448619e-05 1.0654312063707039e-05 5.030307292938232 4.889615535736084 4.791996955871582
22.265625 6.997609943937277e-06 1.0181025572819635e-05 9.52536993281683e-06 5.026730537414551 4.8080549240112305 4.711572170257568
22.314453125 7.2140410338761285e-06 1.0197224582952913e-05 9.556923032505438e-06 4.982442378997803 4.715328216552734 4.71814489364624
22.36328125 7.852131602703594e-06 1.0982576895912644e-05 1.0188294254476205e-05 4.901816368103027 4.625633239746094 4.744032382965088
22.412109375 8.310007615364157e-06 1.1603233360801823e-05 1.0392266631242819e-05 4.852585315704346 4.596935749053955 4.773669242858887
22.4609375 8.494982466800138e-06 1.1914479728147853e-05 1.0439750440127682e-05 4.854166507720947 4.633058547973633 4.784131050109863
22.509765625 8.188065294234548e-06 1.1448013538029045e-05 1.0274827218381688e-05 4.896152973175049 4.721918106079102 4.7455620765686035
22.55859375 7.280907084350474e-06 1.0182388905377593e-05 9.625467100704554e-06 4.946395397186279 4.7963385581970215 4.682328701019287
22.607421875 6.511944320664043e-06 9.161931302514859e-06 9.124526513915043e-06 4.9925689697265625 4.850895404815674 4.625638961791992
22.65625 6.158730229799403e-06 8.523927135684062e-06 8.842327588354237e-06 5.015568256378174 4.8408684730529785 4.58681583404541
22.705078125 6.228158781595994e-06 8.202264325518627e-06 8.694225471117534e-06 5.039351940155029 4.780914306640625 4.558324813842773
22.75390625 6.636869784415467e-06 8.486210390401538e-06 9.108411177294329e-06 5.025221347808838 4.712167739868164 4.542779445648193
22.802734375 7.602904588566162e-06 9.618715921533294e-06 9.941999451257288e-06 4.992286682128906 4.670856475830078 4.560955047607422
22.8515625 9.868058441497851e-06 1.235773743246682e-05 1.2383979083097074e-05 5.027660369873047 4.733395099639893 4.69182014465332
22.900390625 1.4317261047835927e-05 1.8352238839725032e-05 1.7598349586478435e-05 5.135402679443359 4.909289360046387 4.925788879394531
22.94921875 2.0052713807672262e-05 2.6801242711371742e-05 2.4364921046071686e-05 5.241647720336914 5.062595844268799 5.122367858886719
22.998046875 2.2970214558881707e-05 3.099570676567964e-05 2.7850212063640356e-05 5.317815780639648 5.136909008026123 5.158134937286377
23.046875 2.0698913431260735e-05 2.8342949008219875e-05 2.602492895675823e-05 5.304225921630859 5.123167991638184 5.060806751251221
23.095703125 1.484898166381754e-05 2.0804860469070263e-05 1.9176157366018742e-05 5.178889751434326 4.969707489013672 4.881378650665283
23.14453125 9.994774700317066e-06 1.3897470125812106e-05 1.313387656409759e-05 5.053727626800537 4.827427387237549 4.703501224517822
23.193359375 7.561762231489411e-06 1.0354862752137706e-05 9.993666935770307e-06 4.994117259979248 4.78038215637207 4.6409831047058105
23.2421875 6.737308467563707e-06 9.192633115162607e-06 8.933579010772519e-06 4.949246406555176 4.723928928375244 4.644425868988037
23.291015625 6.467247658292763e-06 8.658331353217363e-06 8.513059583492577e-06 4.914374828338623 4.682260990142822 4.634565830230713
23.33984375 6.503448730654782e-06 8.604379218013491e-06 8.52175617183093e-06 4.899055480957031 4.699065685272217 4.617973327636719
23.388671875 6.6363818405079655e-06 8.725631232664455e-06 8.609114047430921e-06 4.894623756408691 4.730813980102539 4.6439642906188965
23.4375 6.9032125793455634e-06 8.993247320177034e-06 8.768261977820657e-06 4.867368221282959 4.749120712280273 4.695156097412109
23.486328125 7.166027899074834e-06 9.12866471480811e-06 8.890759090718348e-06 4.856322288513184 4.764365196228027 4.750051498413086
23.53515625 7.189347343228292e-06 9.107950972975232e-06 8.71855445438996e-06 4.873498439788818 4.753175735473633 4.797245025634766
23.583984375 7.1041472438082565e-06 9.096188477997202e-06 8.558607078157365e-06 4.908703327178955 4.721919536590576 4.828697204589844
23.6328125 6.8927383836125955e-06 9.103351658268366e-06 8.586910553276539e-06 4.935240745544434 4.7061991691589355 4.825287818908691
23.681640625 6.599643256777199e-06 9.055601367435884e-06 8.775726200838108e-06 4.977952480316162 4.702432632446289 4.787258148193359
23.73046875 6.594167643925175e-06 9.284900443162769e-06 9.041006705956534e-06 4.9909749031066895 4.708414554595947 4.706727981567383
23.779296875 6.907837359904079e-06 9.739877896208782e-06 9.533185220789164e-06 4.951125621795654 4.695773124694824 4.623773574829102
23.828125 7.735650797258131e-06 1.0854854735953268e-05 1.0516761904000305e-05 4.912101745605469 4.65670919418335 4.607232093811035
23.876953125 1.0152014510822482e-05 1.3920117453380954e-05 1.3246461094240658e-05 4.8923726081848145 4.636287689208984 4.736948013305664
23.92578125 1.4121377716946881e-05 1.8731478121480905e-05 1.7342126739094965e-05 4.86333703994751 4.662604331970215 4.92545747756958
23.974609375 1.7234784536412917e-05 2.2737931431038305e-05 2.0615809262380935e-05 4.8520588874816895 4.69285249710083 5.067376136779785
24.0234375 1.7795860912883654e-05 2.4324399419128895e-05 2.1719923097407445e-05 4.894566059112549 4.788414478302002 5.130736827850342
24.072265625 1.5187327335297596e-05 2.188704274885822e-05 1.907881596707739e-05 4.961275100708008 4.914597511291504 5.0730390548706055
24.12109375 1.0956645382975694e-05 1.64422581292456e-05 1.4735504009877332e-05 5.034894943237305 4.957745552062988 4.914906024932861
24.169921875 8.29285454528872e-06 1.244928080268437e-05 1.1662893484754022e-05 5.083603858947754 4.953624248504639 4.7747626304626465
24.21875 7.202612778201001e-06 1.0257333997287787e-05 1.0180399840464815e-05 5.080864429473877 4.934422016143799 4.714311599731445
24.267578125 6.717210453643929e-06 8.858301953296177e-06 9.132784725807142e-06 5.039936542510986 4.891844272613525 4.646297931671143
24.31640625 6.653205673501361e-06 8.439787961833645e-06 8.775129572313745e-06 5.001214981079102 4.8637166023254395 4.63963508605957
24.365234375 6.918145118106622e-06 8.735321898711845e-06 8.852186510921456e-06 4.953184127807617 4.839550018310547 4.664412021636963
24.4140625 7.171285687945783e-06 9.154650797427166e-06 9.171300916932523e-06 4.923076629638672 4.801728248596191 4.705247402191162
24.462890625 7.391132839984493e-06 9.630541171645746e-06 9.243573003914207e-06 4.947119235992432 4.815359115600586 4.7453484535217285
24.51171875 7.324653779505752e-06 9.795893674890976e-06 9.16089538804954e-06 4.966512680053711 4.811130046844482 4.796037673950195
24.560546875 6.892003966640914e-06 9.44031671679113e-06 8.925784641178325e-06 4.99941349029541 4.821962833404541 4.786682605743408
24.609375 6.395687250915216e-06 8.972013347374741e-06 8.665530913276598e-06 5.0257792472839355 4.8256659507751465 4.752972602844238
24.658203125 6.06986850471003e-06 8.627471288491506e-06 8.464007805741858e-06 5.017179012298584 4.792033672332764 4.71019983291626
24.70703125 6.069261871743947e-06 8.72696273290785e-06 8.707352208148222e-06 4.960329055786133 4.735918045043945 4.635855674743652
24.755859375 6.521747309307102e-06 9.403922376804985e-06 9.318551747128367e-06 4.902035713195801 4.6886372566223145 4.547356128692627
24.8046875 6.521747309307102e-06 9.403922376804985e-06 9.318551747128367e-06 4.819146156311035 4.610559463500977 4.49437952041626
24.853515625 6.521747309307102e-06 9.403922376804985e-06 9.318551747128367e-06 4.856196880340576 4.636449813842773 4.605531215667725
24.90234375 6.521747309307102e-06 9.403922376804985e-06 9.318551747128367e-06 3.8344485759735107 3.6820120811462402 3.696100950241089
24.951171875 6.521747309307102e-06 9.403922376804985e-06 9.318551747128367e-06 2.7161779403686523 2.6270689964294434 2.6748039722442627
